00d5101a

CRS1PROS
unknown
34434134
1
TPCT05JAN26
Pelvis
0
0
20260929.141258
20260929.141258
20051012.112200
20050928.154600,20050928.154600
20260929.141258
0,648,537,381,-1.8000000000000114,-40,44.5,217,180,128
58,0,0
0,0,0,0,0,0,0,0,0
0,0,0,0,0,0,0,0,0,0
0,0,0,0,0,0,0,0,0,0
0,0,0,0,0,0,0,0,0,0
0,0,0,0,0,0,0,0,0,0
0,0,0,0,0,0,0,0,0
-142.5,-137.5,-132.5,-127.5,-122.5,-117.5,-112.5,-107.5,-102.5
-97.5,-92.5,-87.5,-82.5,-77.5,-72.5,-67.5,-62.5,-57.5,-52.5
-47.5,-42.5,-37.5,-32.5,-27.5,-22.5,-17.5,-12.5, -7.5, -2.5
  2.5,  7.5, 12.5, 17.5, 22.5, 27.5, 32.5, 37.5, 42.5, 47.5
 52.5, 57.5, 62.5, 67.5, 72.5, 77.5, 82.5, 87.5, 92.5, 97.5
102.5,107.5,112.5,117.5,122.5,127.5,132.5,137.5,142.5
0
0
2.5
1
1
1
0
0
0
1.000000,0.000000,0.000000,0.000000
0.000000,1.000000,0.000000,0.000000
0.000000,0.000000,1.000000,0.000000
0.000000,0.000000,0.000000,1.000000
1.000000
1
0
0
0
0,0
-1
0
0
0
0
0
15
0,0
0.000000,1,5
1,0,0
0
0,0
0.000000,2,5
1,0,0
0
0,0
0.000000,3,5
1,0,0
0
0,0
0.000000,4,5
1,0,0
0
0,0
0.000000,5,5
1,0,0
0
0,0
0.000000,6,5
1,0,0
0
0,0
0.000000,7,5
1,0,0
0
0,0
0.000000,8,5
1,0,0
0
0,0
0.000000,9,5
1,0,0
0
0,0
0.000000,10,5
1,0,0
0
0,0
0.000000,11,5
1,0,0
0
0,0
0.000000,12,5
1,0,0
0
0,0
0.000000,13,5
1,0,0
0
0,0
0.000000,14,5
1,0,0
0
0,0
0.000000,15,5
1,0,0
0

0,0,0
-1.000000000
0
0,0,0
-1.000000000
0
0,0,0
0.000000000
0
0
0,0
28
2,3,4,5,6,8
9,10,11,21,26,27
28,29,30,33,34,35
36,37,38,39,40,41
42,43,45,46
1,2,2,2,2,2
2,2,2,2,2,2
2,2,2,5,5,5
5,5,5,5,5,5
5,2,2,2
1,1,19,11,12,6
12,6,2,17,10,15
18,5,7,12,12,12
12,12,12,12,12,12
12,20,16,17
1,1,1,1,1,1
1,1,1,1,1,1
1,1,1,1,1,1
1,1,1,1,1,1
1,1,1,1
19691231.190000,19691231.190000,19691231.190000,19691231.190000,19691231.190000,19691231.190000
19691231.190000,19691231.190000,19691231.190000,19691231.190000,19691231.190000,19691231.190000
19691231.190000,19691231.190000,19691231.190000,19691231.190000,19691231.190000,19691231.190000
19691231.190000,19691231.190000,19691231.190000,19691231.190000,19691231.190000,19691231.190000
19691231.190000,19691231.190000,19691231.190000,19691231.190000
0,1,1,1,1,1
1,1,1,1,1,1
1,1,1,1,1,1
1,1,1,1,1,1
1,1,1,1
1,1,1
1,1,1,1,0,0,1,0,0,1,1,0,0,600,40
0,0
0
-1,0,0,0
1
0
0
15
0,0
0.000000,1,5
1,0,0
0
0,0
0.000000,2,5
1,0,0
0
0,0
0.000000,3,5
1,0,0
0
0,0
0.000000,4,5
1,0,0
0
0,0
0.000000,5,5
1,0,0
0
0,0
0.000000,6,5
1,0,0
0
0,0
0.000000,7,5
1,0,0
0
0,0
0.000000,8,5
1,0,0
0
0,0
0.000000,9,5
1,0,0
0
0,0
0.000000,10,5
1,0,0
0
0,0
0.000000,11,5
1,0,0
0
0,0
0.000000,12,5
1,0,0
0
0,0
0.000000,13,5
1,0,0
0
0,0
0.000000,14,5
1,0,0
0
0,0
0.000000,15,5
1,0,0
0

0,0,0
-1.000000000
0
0,0,0
-1.000000000
0
0,0,0
0.000000000
0

01020260115.083453.000
0
0
0
0
0
0
0
0
 0, 0, 0, 0, 0, 0, 0, 0, 0, 0, 0, 0, 0, 0, 0, 0,     0.0000
 0,    0, 0,    0, 0,     0, 0,     0, 0,     0.0000, 0,     0.0000, 0,    0, 0,    0
 0, 0, 0,     0.0000, 0,     0.0000, 0,     0.0000, 0,  0
 0, 0, 0,     0.0000, 0,     0.0000, 0,     0.0000, 0,  0
 0, 0, 0,     0.0000, 0,     0.0000, 0,     0.0000, 0,  0
 0, 0, 0,     0.0000, 0,     0.0000, 0,     0.0000, 0,  0
 0, 0, 0,     0.0000, 0,     0.0000, 0,     0.0000, 0,  0
 0, 0, 0,     0.0000, 0,     0.0000, 0,     0.0000, 0,  0
 0, 0, 0,     0.0000, 0,     0.0000, 0,     0.0000, 0,  0
 0, 0, 0,     0.0000, 0,     0.0000, 0,     0.0000, 0,  0
 0, 0, 0,     0.0000, 0,     0.0000, 0,     0.0000, 0,  0
 0, 0, 0,     0.0000, 0,     0.0000, 0,     0.0000, 0,  0
1
10000
10000
10000

0
0
0
20060130.163827
20060130.163827
20060130.163827
1
0
1,0

0,0,0
0
0.000000,0.000000,4000.000000,0.000000,0.000000,0,5
0
0
0
0
0
53
Prostate
1,2,1.027854,1,1
CTV-PRVUrethra
1,1,1,1,2
SeminalVes_Prox
1,1,1.0262281295425049,1,3
Bladder
1,2,1.0162747005745862,1,4
NS_DR_Air1
2,2,1,1,5
NS_DR_Air0
2,2,0.01,1,6
NS_Spare_Rectum
1,1,0.98686818038486168,1,7
SeminalVes
1,2,1.0236730000000001,1,8
PTV_3625
1,1,1.023346722458613,1,9
CTV_4000
1,1,1.0276640241771633,1,10
NS_Spare_Urethra
1,1,1,1,11
NS_DR_Cap
2,2,6.7999999999999998,1,12
NS_DR_Ball
2,2,3.7400000000000002,1,13
NS_DR_Rod
2,2,3.7400000000000002,1,14
Sigmoid
1,2,1,1,15
Bowel_Small
1,2,1,1,16
PenileBulb
1,2,1,1,17
SpaceOAR
1,2,1,1,18
NS_Spare_Ant
1,1,1,1,19
Urethra
1,2,1,1,20
modPTV_3625
1,1,1,1,21
PRV_Urethra
1,1,1,1,22
NS_FO_3625
1,1,1,1,23
optPTV_3625
1,1,1,1,24
PRV_NS_Spare_Urethra
1,1,1,1,25
refRectum
1,1,1.0189630000000001,1,26
refBladder
1,1,1.016275,1,27
Femur_L
1,2,1.209311,1,28
Femur_R
1,2,1.2055629999999999,1,29
Rectum
1,2,1.0189687240929779,1,30
Bone_Pelvic
1,2,1.215606,1,31
Tracking
1,1,1.023346722458613,1,32
External
1,2,0.97346165593909362,1,33
Z1-Bridge
2,2,1.67422,1.67422,34
Z10-Couch Support
2,2,0.14130999999999999,0.14130999999999999,35
Z2b-Bridge
2,2,0.069400000000000003,0.069400000000000003,36
Z2a-Bridge
2,2,1.67422,1.67422,37
Z3-Bridge
2,2,0.31692999999999999,0.31692999999999999,38
Z4-Couch Support
2,2,1.67422,1.67422,39
Z5-Hard-plate
2,2,1.80155,1.80155,40
Z6-Couch Support
2,2,0.89910000000000001,0.89910000000000001,41
Z7-Couch Support
2,2,0.9899,0.9899,42
Z8-Mattress
2,2,0.10356,0.10356,43
Z1-Bridge
2,2,1.67422,1.67422,44
Z10-Couch Support
2,2,0.14130999999999999,0.14130999999999999,45
Z2b-Bridge
2,2,0.069400000000000003,0.069400000000000003,46
Z2a-Bridge
2,2,1.67422,1.67422,47
Z3-Bridge
2,2,0.31692999999999999,0.31692999999999999,48
Z4-Couch Support
2,2,1.67422,1.67422,49
Z5-Hard-plate
2,2,1.80155,1.80155,50
Z6-Couch Support
2,2,0.89910000000000001,0.89910000000000001,51
Z7-Couch Support
2,2,0.9899,0.9899,52
Z8-Mattress
2,2,0.10356,0.10356,53
a5189a66-fcec-4f0e-8fc5-bc7d69304f39
1
22.5
303.200000000
303.200000000
2
a0bf5403-d1b2-4ad0-be8d-bd3ab6f7998b
32768,50,0.089180000
683e35b1-615f-4b82-a354-f945fabe0704
8421376,50,0.466810000
0
0
0
d307c796-b215-4fdd-8a2a-9ecad6ede8f3
b4ac1688-06f6-423b-bd62-c6ffa1fc120b
1
1
22
0.000000
1
0
0
0
2
0.000000,0.000000,0.000000
0
0
0
 
-1
0
 
 
0