Prostate
1,2,1.027854,1,1
CTV-PRVUrethra
1,1,1,1,2
SeminalVes_Prox
1,1,1.0262281295425049,1,3
Bladder
1,2,1.0162747005745862,1,4
NS_DR_Air1
2,2,1,1,5
NS_DR_Air0
2,2,0.01,1,6
NS_Spare_Rectum
1,1,0.98686818038486168,1,7
SeminalVes
1,2,1.0236730000000001,1,8
PTV_3625
1,1,1.023346722458613,1,9
CTV_4000
1,1,1.0276640241771633,1,10
NS_Spare_Urethra
1,1,1,1,11
NS_DR_Cap
2,2,6.7999999999999998,1,12
NS_DR_Ball
2,2,3.7400000000000002,1,13
NS_DR_Rod
2,2,3.7400000000000002,1,14
Sigmoid
1,2,1,1,15
Bowel_Small
1,2,1,1,16
PenileBulb
1,2,1,1,17
SpaceOAR
1,2,1,1,18
NS_Spare_Ant
1,1,1,1,19
Urethra
1,2,1,1,20
modPTV_3625
1,1,1,1,21
PRV_Urethra
1,1,1,1,22
NS_FO_3625
1,1,1,1,23
optPTV_3625
1,1,1,1,24
PRV_NS_Spare_Urethra
1,1,1,1,25
refRectum
1,1,1.0189630000000001,1,26
refBladder
1,1,1.016275,1,27
Femur_L
1,2,1.209311,1,28
Femur_R
1,2,1.2055629999999999,1,29
Rectum
1,2,1.0189687240929779,1,30
Bone_Pelvic
1,2,1.215606,1,31
Tracking
1,1,1.023346722458613,1,32
External
1,2,0.97346165593909362,1,33
Z1-Bridge
2,2,1.67422,1.67422,34
Z10-Couch Support
2,2,0.14130999999999999,0.14130999999999999,35
Z2b-Bridge
2,2,0.069400000000000003,0.069400000000000003,36
Z2a-Bridge
2,2,1.67422,1.67422,37
Z3-Bridge
2,2,0.31692999999999999,0.31692999999999999,38
Z4-Couch Support
2,2,1.67422,1.67422,39
Z5-Hard-plate
2,2,1.80155,1.80155,40
Z6-Couch Support
2,2,0.89910000000000001,0.89910000000000001,41
Z7-Couch Support
2,2,0.9899,0.9899,42
Z8-Mattress
2,2,0.10356,0.10356,43
Z1-Bridge
2,2,1.67422,1.67422,44
Z10-Couch Support
2,2,0.14130999999999999,0.14130999999999999,45
Z2b-Bridge
2,2,0.069400000000000003,0.069400000000000003,46
Z2a-Bridge
2,2,1.67422,1.67422,47
Z3-Bridge
2,2,0.31692999999999999,0.31692999999999999,48
Z4-Couch Support
2,2,1.67422,1.67422,49
Z5-Hard-plate
2,2,1.80155,1.80155,50
Z6-Couch Support
2,2,0.89910000000000001,0.89910000000000001,51
Z7-Couch Support
2,2,0.9899,0.9899,52
Z8-Mattress
2,2,0.10356,0.10356,53
